          0         0       0               0
          1 -0.28673223      0               0    
          2 -0.99374777     -0.30564255     -0.61128509    
          3  -1.0535083     -0.19617528     -0.58852583    
          4  -1.0563786     -0.13372864     -0.53491455    
          5  -1.0895211     -0.10472555     -0.52362776    
          6  -1.1473109     -9.03311893E-02 -0.54198712    
          7  -1.2161233     -8.20521712E-02 -0.57436520    
          8  -1.2879188     -7.65285492E-02 -0.61222839    
          9  -1.3589520     -7.24053606E-02 -0.65164822    
          10  -1.4277190     -6.90955073E-02 -0.69095504    
          11  -1.4937227     -6.63154051E-02 -0.72946948    
          12  -1.5568688     -6.39093593E-02 -0.76691234    
          13  -1.6172014     -6.17811903E-02 -0.80315548    
          14  -1.6748015     -5.98661788E-02 -0.83812648    
          15  -1.7297534     -5.81183471E-02 -0.87177521    
          16  -1.7821372     -5.65040745E-02 -0.90406519    
          17  -1.8320303     -5.49983084E-02 -0.93497127    
          18  -1.8795097     -5.35822436E-02 -0.96448040    
          19  -1.9246545     -5.22416309E-02 -0.99259096    
          20  -1.9675466     -5.09656295E-02  -1.0193126    
          21  -2.0082717     -4.97459620E-02  -1.0446652    
          22  -2.0469184     -4.85762507E-02  -1.0686775    
          23  -2.0835783     -4.74515595E-02  -1.0913858    
          24  -2.1183445     -4.63680141E-02  -1.1128323    
          25  -2.1513107     -4.53225598E-02  -1.1330640    
          26  -2.1825707     -4.43127304E-02  -1.1521310    
          27  -2.2122173     -4.33365107E-02  -1.1700858    
          28  -2.2403414     -4.23922129E-02  -1.1869819    
          29  -2.2670317     -4.14783917E-02  -1.2028733    
          30  -2.2923737     -4.05937806E-02  -1.2178134    
          31  -2.3164496     -3.97372581E-02  -1.2318550    
          32  -2.3393385     -3.89077924E-02  -1.2450494    
          33  -2.3611155     -3.81044149E-02  -1.2574457    
          34  -2.3818510     -3.73262390E-02  -1.2690921    
          35  -2.4016128     -3.65723930E-02  -1.2800337    
          36  -2.4204638     -3.58420536E-02  -1.2903140    
          37  -2.4384637     -3.51344310E-02  -1.2999740    
          38  -2.4556680     -3.44487503E-02  -1.3090525    
          39  -2.4721291     -3.37842554E-02  -1.3175859    
          40  -2.4878957     -3.31402235E-02  -1.3256090    
          41  -2.5030134     -3.25159431E-02  -1.3331537    
          42  -2.5175245     -3.19107249E-02  -1.3402505    
          43  -2.5314684     -3.13238986E-02  -1.3469276    
          44  -2.5448818     -3.07548102E-02  -1.3532116    
          45  -2.5577993     -3.02028339E-02  -1.3591275    
          46  -2.5702524     -2.96673514E-02  -1.3646982    
          47  -2.5822711     -2.91477740E-02  -1.3699454    
          48  -2.5938823     -2.86435280E-02  -1.3748894    
          49  -2.6051123     -2.81540621E-02  -1.3795490    
          50  -2.6159844     -2.76788399E-02  -1.3839420    
          51  -2.6265211     -2.72173453E-02  -1.3880847    
          52  -2.6367428     -2.67690886E-02  -1.3919926    
          53  -2.6466689     -2.63335835E-02  -1.3956800    
          54  -2.6563175     -2.59103794E-02  -1.3991605    
          55  -2.6657045     -2.54990272E-02  -1.4024465    
          56  -2.6748464     -2.50991080E-02  -1.4055500    
          57  -2.6837571     -2.47102082E-02  -1.4084818    
          58  -2.6924500     -2.43319385E-02  -1.4112524    
          59  -2.7009385     -2.39639245E-02  -1.4138715    
          60  -2.7092335     -2.36057993E-02  -1.4163480    
          61  -2.7173469     -2.32572239E-02  -1.4186907    
          62  -2.7252884     -2.29178593E-02  -1.4209073    
          63  -2.7330678     -2.25873888E-02  -1.4230055    
          64  -2.7406945     -2.22655069E-02  -1.4249924    
          65  -2.7481766     -2.19519176E-02  -1.4268746    
          66  -2.7555225     -2.16463394E-02  -1.4286584    
          67  -2.7627392     -2.13485006E-02  -1.4303496    
          68  -2.7698340     -2.10581459E-02  -1.4319539    
          69  -2.7768135     -2.07750201E-02  -1.4334764    
          70  -2.7836840     -2.04988886E-02  -1.4349222    
          71  -2.7904510     -2.02295184E-02  -1.4362959    
          72  -2.7971203     -1.99666917E-02  -1.4376018    
          73  -2.8036973     -1.97101962E-02  -1.4388443    
          74  -2.8101864     -1.94598269E-02  -1.4400272    
          75  -2.8165927     -1.92153901E-02  -1.4411542    
          76  -2.8229201     -1.89766977E-02  -1.4422290    
          77  -2.8291728     -1.87435690E-02  -1.4432548    
          78  -2.8353550     -1.85158309E-02  -1.4442348    
          79  -2.8414700     -1.82933155E-02  -1.4451720    
          80  -2.8475215     -1.80758648E-02  -1.4460692    
          81  -2.8535130     -1.78633258E-02  -1.4469293    
          82  -2.8594470     -1.76555458E-02  -1.4477547    
          83  -2.8653269     -1.74523834E-02  -1.4485478    
          84  -2.8711555     -1.72537006E-02  -1.4493109    
          85  -2.8769352     -1.70593690E-02  -1.4500463    
          86  -2.8826685     -1.68692544E-02  -1.4507560    
          87  -2.8883581     -1.66832414E-02  -1.4514420    
          88  -2.8940060     -1.65012050E-02  -1.4521061    
          89  -2.8996143     -1.63230356E-02  -1.4527502    
          90  -2.9051852     -1.61486231E-02  -1.4533761    
          91  -2.9107203     -1.59778576E-02  -1.4539850    
          92  -2.9162221     -1.58106387E-02  -1.4545788    
          93  -2.9216914     -1.56468693E-02  -1.4551588    
          94  -2.9271307     -1.54864509E-02  -1.4557264    
          95  -2.9325409     -1.53292930E-02  -1.4562829    
          96  -2.9379239     -1.51753081E-02  -1.4568295    
          97  -2.9432812     -1.50244087E-02  -1.4573677    
          98  -2.9486136     -1.48765128E-02  -1.4578983    
          99  -2.9539227     -1.47315385E-02  -1.4584223    
         100  -2.9592099     -1.45894084E-02  -1.4589409    
         101  -2.9644761     -1.44500509E-02  -1.4594551    
         102  -2.9697225     -1.43133905E-02  -1.4599658    
         103  -2.9749498     -1.41793555E-02  -1.4604737    
         104  -2.9801595     -1.40478844E-02  -1.4609799    
         105  -2.9853525     -1.39189037E-02  -1.4614849    
         106  -2.9905293     -1.37923555E-02  -1.4619896    
         107  -2.9956908     -1.36681758E-02  -1.4624949    
         108  -3.0008380     -1.35463057E-02  -1.4630010    
         109  -3.0059719     -1.34266866E-02  -1.4635088    
         110  -3.0110927     -1.33092627E-02  -1.4640189    
         111  -3.0162015     -1.31939836E-02  -1.4645321    
         112  -3.0212984     -1.30807906E-02  -1.4650486    
         113  -3.0263848     -1.29696382E-02  -1.4655691    
         114  -3.0314608     -1.28604732E-02  -1.4660939    
         115  -3.0365269     -1.27532491E-02  -1.4666237    
         116  -3.0415840     -1.26479203E-02  -1.4671588    
         117  -3.0466323     -1.25444410E-02  -1.4676996    
         118  -3.0516725     -1.24427667E-02  -1.4682465    
         119  -3.0567048     -1.23428563E-02  -1.4687999    
         120  -3.0617297     -1.22446697E-02  -1.4693604    
         121  -3.0667479     -1.21481633E-02  -1.4699278    
         122  -3.0717592     -1.20533016E-02  -1.4705027    
         123  -3.0767646     -1.19600454E-02  -1.4710855    
         124  -3.0817642     -1.18683577E-02  -1.4716763    
         125  -3.0867584     -1.17782028E-02  -1.4722754    
         126  -3.0917473     -1.16895484E-02  -1.4728831    
         127  -3.0967314     -1.16023598E-02  -1.4734997    
         128  -3.1017108     -1.15166027E-02  -1.4741251    
         129  -3.1066861     -1.14322463E-02  -1.4747598    
         130  -3.1116571     -1.13492608E-02  -1.4754039    
         131  -3.1166246     -1.12676146E-02  -1.4760575    
         132  -3.1215882     -1.11872805E-02  -1.4767210    
         133  -3.1265488     -1.11082280E-02  -1.4773943    
         134  -3.1315060     -1.10304300E-02  -1.4780777    
         135  -3.1364601     -1.09538604E-02  -1.4787712    
         136  -3.1414115     -1.08784931E-02  -1.4794750    
         137  -3.1463604     -1.08043021E-02  -1.4801893    
         138  -3.1513066     -1.07312622E-02  -1.4809141    
         139  -3.1562507     -1.06593492E-02  -1.4816495    
         140  -3.1611927     -1.05885407E-02  -1.4823956    
         141  -3.1661325     -1.05188126E-02  -1.4831525    
         142  -3.1710703     -1.04501434E-02  -1.4839203    
         143  -3.1760066     -1.03825117E-02  -1.4846991    
         144  -3.1809411     -1.03158941E-02  -1.4854888    
         145  -3.1858740     -1.02502732E-02  -1.4862896    
         146  -3.1908057     -1.01856273E-02  -1.4871016    
         147  -3.1957357     -1.01219350E-02  -1.4879245    
         148  -3.2006648     -1.00591807E-02  -1.4887588    
         149  -3.2055924     -9.99734458E-03  -1.4896044    
         150  -3.2105188     -9.93640628E-03  -1.4904610    
         151  -3.2154446     -9.87635087E-03  -1.4913290    
         152  -3.2203691     -9.81715973E-03  -1.4922082    
         153  -3.2252927     -9.75881610E-03  -1.4930989    
         154  -3.2302155     -9.70130507E-03  -1.4940009    
         155  -3.2351377     -9.64460801E-03  -1.4949142    
         156  -3.2400589     -9.58871003E-03  -1.4958388    
         157  -3.2449794     -9.53359716E-03  -1.4967748    
         158  -3.2498994     -9.47925448E-03  -1.4977221    
         159  -3.2548187     -9.42566525E-03  -1.4986808    
         160  -3.2597375     -9.37281735E-03  -1.4996507    
         161  -3.2646556     -9.32069588E-03  -1.5006320    
         162  -3.2695732     -9.26928781E-03  -1.5016246    
         163  -3.2744906     -9.21857916E-03  -1.5026284    
         164  -3.2794073     -9.16855875E-03  -1.5036436    
         165  -3.2843237     -9.11921170E-03  -1.5046699    
         166  -3.2892394     -9.07052681E-03  -1.5057075    
         167  -3.2941549     -9.02249292E-03  -1.5067563    
         168  -3.2990701     -8.97509605E-03  -1.5078162    
         169  -3.3039849     -8.92832689E-03  -1.5088872    
         170  -3.3088992     -8.88217241E-03  -1.5099694    
         171  -3.3138132     -8.83662328E-03  -1.5110626    
         172  -3.3187270     -8.79166741E-03  -1.5121669    
         173  -3.3236403     -8.74729548E-03  -1.5132821    
         174  -3.3285534     -8.70349631E-03  -1.5144083    
         175  -3.3334661     -8.66025966E-03  -1.5155454    
         176  -3.3383784     -8.61757621E-03  -1.5166934    
         177  -3.3432906     -8.57543573E-03  -1.5178522    
         178  -3.3482022     -8.53382982E-03  -1.5190217    
         179  -3.3531137     -8.49274918E-03  -1.5202022    
         180  -3.3580246     -8.45218450E-03  -1.5213932    
         181  -3.3629353     -8.41212645E-03  -1.5225949    
         182  -3.3678458     -8.37256666E-03  -1.5238072    
         183  -3.3727558     -8.33349768E-03  -1.5250300    
         184  -3.3776653     -8.29490926E-03  -1.5262634    
         185  -3.3825748     -8.25679582E-03  -1.5275072    
         186  -3.3874836     -8.21914710E-03  -1.5287614    
         187  -3.3923922     -8.18195660E-03  -1.5300260    
         188  -3.3973002     -8.14521592E-03  -1.5313007    
         189  -3.4022079     -8.10891949E-03  -1.5325859    
         190  -3.4071150     -8.07305798E-03  -1.5338809    
         191  -3.4120219     -8.03762488E-03  -1.5351864    
         192  -3.4169283     -8.00261367E-03  -1.5365019    
         193  -3.4218342     -7.96801690E-03  -1.5378273    
         194  -3.4267395     -7.93382898E-03  -1.5391628    
         195  -3.4316444     -7.90004153E-03  -1.5405082    
         196  -3.4365487     -7.86664989E-03  -1.5418633    
         197  -3.4414525     -7.83364568E-03  -1.5432283    
         198  -3.4463556     -7.80102517E-03  -1.5446030    
         199  -3.4512582     -7.76877999E-03  -1.5459872    
         200  -3.4561603     -7.73690641E-03  -1.5473813    
         201  -3.4610617     -7.70539744E-03  -1.5487849    
         202  -3.4659624     -7.67424749E-03  -1.5501980    
         203  -3.4708626     -7.64344959E-03  -1.5516202    
         204  -3.4757619     -7.61300046E-03  -1.5530521    
         205  -3.4806607     -7.58289406E-03  -1.5544933    
         206  -3.4855585     -7.55312433E-03  -1.5559436    
         207  -3.4904556     -7.52368709E-03  -1.5574032    
         208  -3.4953520     -7.49457628E-03  -1.5588719    
         209  -3.5002477     -7.46578770E-03  -1.5603496    
         210  -3.5051425     -7.43731624E-03  -1.5618364    
         211  -3.5100365     -7.40915677E-03  -1.5633321    
         212  -3.5149293     -7.38130463E-03  -1.5648366    
         213  -3.5198216     -7.35375565E-03  -1.5663500    
         214  -3.5247128     -7.32650561E-03  -1.5678722    
         215  -3.5296030     -7.29954895E-03  -1.5694031    
         216  -3.5344923     -7.27288146E-03  -1.5709424    
         217  -3.5393806     -7.24649988E-03  -1.5724905    
         218  -3.5442679     -7.22039910E-03  -1.5740470    
         219  -3.5491540     -7.19457492E-03  -1.5756119    
         220  -3.5540390     -7.16902409E-03  -1.5771853    
         221  -3.5589230     -7.14374194E-03  -1.5787669    
         222  -3.5638058     -7.11872522E-03  -1.5803570    
         223  -3.5686877     -7.09396834E-03  -1.5819550    
         224  -3.5735681     -7.06946943E-03  -1.5835612    
         225  -3.5784473     -7.04522431E-03  -1.5851755    
         226  -3.5833254     -7.02122925E-03  -1.5867978    
         227  -3.5882022     -6.99748006E-03  -1.5884280    
         228  -3.5930777     -6.97397394E-03  -1.5900661    
         229  -3.5979519     -6.95070764E-03  -1.5917120    
         230  -3.6028247     -6.92767696E-03  -1.5933657    
         231  -3.6076961     -6.90487865E-03  -1.5950270    
         232  -3.6125660     -6.88231038E-03  -1.5966960    
         233  -3.6174345     -6.85996749E-03  -1.5983725    
         234  -3.6223018     -6.83784904E-03  -1.6000566    
         235  -3.6271672     -6.81594899E-03  -1.6017480    
         236  -3.6320312     -6.79426640E-03  -1.6034468    
         237  -3.6368940     -6.77279802E-03  -1.6051531    
         238  -3.6417549     -6.75153965E-03  -1.6068665    
         239  -3.6466141     -6.73049036E-03  -1.6085871    
         240  -3.6514719     -6.70964504E-03  -1.6103148    
         241  -3.6563277     -6.68900227E-03  -1.6120496    
         242  -3.6611822     -6.66855928E-03  -1.6137913    
         243  -3.6660347     -6.64831325E-03  -1.6155401    
         244  -3.6708856     -6.62826141E-03  -1.6172957    
         245  -3.6757345     -6.60840096E-03  -1.6190583    
         246  -3.6805818     -6.58872956E-03  -1.6208274    
         247  -3.6854272     -6.56924397E-03  -1.6226033    
         248  -3.6902709     -6.54994277E-03  -1.6243858    
         249  -3.6951125     -6.53082319E-03  -1.6261749    
         250  -3.6999521     -6.51188195E-03  -1.6279705    
         251  -3.7047899     -6.49311766E-03  -1.6297725    
         252  -3.7096255     -6.47452800E-03  -1.6315811    
         253  -3.7144592     -6.45611016E-03  -1.6333959    
         254  -3.7192910     -6.43786183E-03  -1.6352170    
         255  -3.7241206     -6.41978160E-03  -1.6370443    
         256  -3.7289481     -6.40186621E-03  -1.6388777    
         257  -3.7337735     -6.38411380E-03  -1.6407173    
         258  -3.7385967     -6.36652205E-03  -1.6425627    
         259  -3.7434177     -6.34909049E-03  -1.6444144    
         260  -3.7482364     -6.33181538E-03  -1.6462719    
         261  -3.7530529     -6.31469442E-03  -1.6481352    
         262  -3.7578673     -6.29772665E-03  -1.6500044    
         263  -3.7626793     -6.28090929E-03  -1.6518792    
         264  -3.7674890     -6.26424188E-03  -1.6537598    
         265  -3.7722962     -6.24772068E-03  -1.6556460    
         266  -3.7771010     -6.23134524E-03  -1.6575378    
         267  -3.7819035     -6.21511275E-03  -1.6594352    
         268  -3.7867033     -6.19902182E-03  -1.6613379    
         269  -3.7915008     -6.18307013E-03  -1.6632459    
         270  -3.7962959     -6.16725674E-03  -1.6651593    
         271  -3.8010883     -6.15158025E-03  -1.6670783    
         272  -3.8058782     -6.13603694E-03  -1.6690021    
         273  -3.8106656     -6.12062775E-03  -1.6709313    
         274  -3.8154502     -6.10534893E-03  -1.6728656    
         275  -3.8202322     -6.09019957E-03  -1.6748049    
         276  -3.8250115     -6.07517827E-03  -1.6767492    
         277  -3.8297880     -6.06028363E-03  -1.6786985    
         278  -3.8345618     -6.04551286E-03  -1.6806526    
         279  -3.8393328     -6.03086641E-03  -1.6826117    
         280  -3.8441012     -6.01634104E-03  -1.6845754    
         281  -3.8488667     -6.00193581E-03  -1.6865439    
         282  -3.8536294     -5.98764932E-03  -1.6885171    
         283  -3.8583889     -5.97348018E-03  -1.6904949    
         284  -3.8631458     -5.95942745E-03  -1.6924773    
         285  -3.8678997     -5.94548834E-03  -1.6944642    
         286  -3.8726506     -5.93166240E-03  -1.6964555    
         287  -3.8773985     -5.91794867E-03  -1.6984513    
         288  -3.8821435     -5.90434484E-03  -1.7004514    
         289  -3.8868852     -5.89085044E-03  -1.7024558    
         290  -3.8916240     -5.87746361E-03  -1.7044644    
         291  -3.8963597     -5.86418249E-03  -1.7064772    
         292  -3.9010923     -5.85100753E-03  -1.7084942    
         293  -3.9058216     -5.83793549E-03  -1.7105151    
         294  -3.9105477     -5.82496682E-03  -1.7125403    
         295  -3.9152706     -5.81209967E-03  -1.7145694    
         296  -3.9199903     -5.79933263E-03  -1.7166024    
         297  -3.9247067     -5.78666432E-03  -1.7186393    
         298  -3.9294200     -5.77409379E-03  -1.7206800    
         299  -3.9341297     -5.76162059E-03  -1.7227246    
         300  -3.9388361     -5.74924238E-03  -1.7247727    
         301  -3.9435394     -5.73695917E-03  -1.7268246    
         302  -3.9482391     -5.72476862E-03  -1.7288802    
         303  -3.9529352     -5.71267074E-03  -1.7309393    
         304  -3.9576280     -5.70066413E-03  -1.7330019    
         305  -3.9623172     -5.68874786E-03  -1.7350681    
         306  -3.9670031     -5.67692053E-03  -1.7371377    
         307  -3.9716854     -5.66518120E-03  -1.7392106    
         308  -3.9763641     -5.65352896E-03  -1.7412869    
         309  -3.9810393     -5.64196287E-03  -1.7433665    
         310  -3.9857106     -5.63048152E-03  -1.7454493    
         311  -3.9903786     -5.61908493E-03  -1.7475353    
         312  -3.9950428     -5.60777029E-03  -1.7496244    
         313  -3.9997034     -5.59653901E-03  -1.7517167    
         314  -4.0043602     -5.58538828E-03  -1.7538120    
         315  -4.0090132     -5.57431811E-03  -1.7559103    
         316  -4.0136623     -5.56332758E-03  -1.7580115    
         317  -4.0183077     -5.55241574E-03  -1.7601157    
         318  -4.0229497     -5.54158073E-03  -1.7622226    
         319  -4.0275874     -5.53082302E-03  -1.7643325    
         320  -4.0322213     -5.52014075E-03  -1.7664450    
         321  -4.0368514     -5.50953392E-03  -1.7685604    
         322  -4.0414772     -5.49900113E-03  -1.7706784    
         323  -4.0460997     -5.48854237E-03  -1.7727991    
         324  -4.0507178     -5.47815487E-03  -1.7749223    
         325  -4.0553322     -5.46784000E-03  -1.7770480    
         326  -4.0599422     -5.45759639E-03  -1.7791764    
         327  -4.0645485     -5.44742215E-03  -1.7813070    
         328  -4.0691504     -5.43731777E-03  -1.7834402    
         329  -4.0737486     -5.42728184E-03  -1.7855757    
         330  -4.0783424     -5.41731389E-03  -1.7877135    
         331  -4.0829325     -5.40741254E-03  -1.7898536    
         332  -4.0875177     -5.39757777E-03  -1.7919959    
         333  -4.0920992     -5.38780913E-03  -1.7941405    
         334  -4.0966768     -5.37810475E-03  -1.7962871    
         335  -4.1012497     -5.36846556E-03  -1.7984359    
         336  -4.1058183     -5.35888923E-03  -1.8005868    
         337  -4.1103830     -5.34937624E-03  -1.8027397    
         338  -4.1149430     -5.33992471E-03  -1.8048946    
         339  -4.1194987     -5.33053512E-03  -1.8070514    
         340  -4.1240506     -5.32120606E-03  -1.8092101    
         341  -4.1285977     -5.31193707E-03  -1.8113706    
         342  -4.1331401     -5.30272769E-03  -1.8135329    
         343  -4.1376786     -5.29357791E-03  -1.8156972    
         344  -4.1422124     -5.28448587E-03  -1.8178631    
         345  -4.1467419     -5.27545111E-03  -1.8200307    
         346  -4.1512671     -5.26647363E-03  -1.8221999    
         347  -4.1557875     -5.25755296E-03  -1.8243709    
         348  -4.1603036     -5.24868770E-03  -1.8265433    
         349  -4.1648149     -5.23987785E-03  -1.8287174    
         350  -4.1693220     -5.23112249E-03  -1.8308928    
         351  -4.1738238     -5.22242114E-03  -1.8330698    
         352  -4.1783218     -5.21377288E-03  -1.8352481    
         353  -4.1828146     -5.20517817E-03  -1.8374279    
         354  -4.1873031     -5.19663561E-03  -1.8396090    
         355  -4.1917868     -5.18814474E-03  -1.8417914    
         356  -4.1962662     -5.17970510E-03  -1.8439751    
         357  -4.2007403     -5.17131668E-03  -1.8461601    
         358  -4.2052097     -5.16297808E-03  -1.8483461    
         359  -4.2096748     -5.15468884E-03  -1.8505334    
         360  -4.2141347     -5.14644943E-03  -1.8527218    
         361  -4.2185903     -5.13825845E-03  -1.8549113    
         362  -4.2230406     -5.13011543E-03  -1.8571018    
         363  -4.2274861     -5.12202037E-03  -1.8592933    
         364  -4.2319269     -5.11397235E-03  -1.8614860    
         365  -4.2363629     -5.10597043E-03  -1.8636793    
         366  -4.2407942     -5.09801554E-03  -1.8658737    
         367  -4.2452202     -5.09010628E-03  -1.8680689    
         368  -4.2496414     -5.08224173E-03  -1.8702649    
         369  -4.2540579     -5.07442234E-03  -1.8724618    
         370  -4.2584691     -5.06664719E-03  -1.8746594    
         371  -4.2628751     -5.05891582E-03  -1.8768578    
         372  -4.2672768     -5.05122822E-03  -1.8790568    
         373  -4.2716727     -5.04358299E-03  -1.8812565    
         374  -4.2760644     -5.03598060E-03  -1.8834568    
         375  -4.2804503     -5.02842059E-03  -1.8856578    
         376  -4.2848315     -5.02090203E-03  -1.8878592    
         377  -4.2892075     -5.01342490E-03  -1.8900613    
         378  -4.2935786     -5.00598829E-03  -1.8922637    
         379  -4.2979441     -4.99859313E-03  -1.8944668    
         380  -4.3023047     -4.99123707E-03  -1.8966701    
         381  -4.3066602     -4.98392107E-03  -1.8988739    
         382  -4.3110108     -4.97664372E-03  -1.9010780    
         383  -4.3153558     -4.96940594E-03  -1.9032825    
         384  -4.3196955     -4.96220635E-03  -1.9054872    
         385  -4.3240304     -4.95504495E-03  -1.9076923    
         386  -4.3283596     -4.94792126E-03  -1.9098976    
         387  -4.3326836     -4.94083483E-03  -1.9121031    
         388  -4.3370028     -4.93378518E-03  -1.9143087    
         389  -4.3413162     -4.92677232E-03  -1.9165145    
         390  -4.3456244     -4.91979579E-03  -1.9187204    
         391  -4.3499274     -4.91285510E-03  -1.9209263    
         392  -4.3542247     -4.90595028E-03  -1.9231324    
         393  -4.3585172     -4.89907991E-03  -1.9253384    
         394  -4.3628039     -4.89224447E-03  -1.9275444    
         395  -4.3670850     -4.88544395E-03  -1.9297504    
         396  -4.3713613     -4.87867789E-03  -1.9319564    
         397  -4.3756318     -4.87194536E-03  -1.9341623    
         398  -4.3798966     -4.86524589E-03  -1.9363679    
         399  -4.3841562     -4.85857995E-03  -1.9385734    
         400  -4.3884106     -4.85194707E-03  -1.9407789    
         401  -4.3926592     -4.84534632E-03  -1.9429839    
         402  -4.3969026     -4.83877817E-03  -1.9451888    
         403  -4.4011402     -4.83224168E-03  -1.9473934    
         404  -4.4053721     -4.82573686E-03  -1.9495977    
         405  -4.4095988     -4.81926324E-03  -1.9518017    
         406  -4.4138198     -4.81282128E-03  -1.9540054    
         407  -4.4180355     -4.80640912E-03  -1.9562086    
         408  -4.4222450     -4.80002817E-03  -1.9584115    
         409  -4.4264493     -4.79367701E-03  -1.9606138    
         410  -4.4306479     -4.78735566E-03  -1.9628158    
         411  -4.4348412     -4.78106411E-03  -1.9650173    
         412  -4.4390283     -4.77480143E-03  -1.9672182    
         413  -4.4432101     -4.76856809E-03  -1.9694186    
         414  -4.4473858     -4.76236315E-03  -1.9716184    
         415  -4.4515562     -4.75618709E-03  -1.9738176    
         416  -4.4557209     -4.75003896E-03  -1.9760162    
         417  -4.4598799     -4.74391878E-03  -1.9782141    
         418  -4.4640331     -4.73782653E-03  -1.9804114    
         419  -4.4681807     -4.73176129E-03  -1.9826080    
         420  -4.4723220     -4.72572353E-03  -1.9848038    
         421  -4.4764581     -4.71971231E-03  -1.9869989    
         422  -4.4805884     -4.71372809E-03  -1.9891933    
         423  -4.4847126     -4.70776996E-03  -1.9913868    
         424  -4.4888310     -4.70183836E-03  -1.9935795    
         425  -4.4929438     -4.69593238E-03  -1.9957713    
         426  -4.4970508     -4.69005248E-03  -1.9979624    
         427  -4.5011520     -4.68419772E-03  -2.0001523    
         428  -4.5052471     -4.67836810E-03  -2.0023415    
         429  -4.5093365     -4.67256363E-03  -2.0045297    
         430  -4.5134201     -4.66678385E-03  -2.0067170    
         431  -4.5174975     -4.66102827E-03  -2.0089033    
         432  -4.5215693     -4.65529785E-03  -2.0110886    
         433  -4.5256352     -4.64959070E-03  -2.0132728    
         434  -4.5296950     -4.64390777E-03  -2.0154560    
         435  -4.5337491     -4.63824812E-03  -2.0176380    
         436  -4.5377970     -4.63261176E-03  -2.0198188    
         437  -4.5418391     -4.62699914E-03  -2.0219986    
         438  -4.5458751     -4.62140935E-03  -2.0241773    
         439  -4.5499053     -4.61584236E-03  -2.0263548    
         440  -4.5539298     -4.61029867E-03  -2.0285313    
         441  -4.5579481     -4.60477639E-03  -2.0307064    
         442  -4.5619602     -4.59927693E-03  -2.0328803    
         443  -4.5659661     -4.59379843E-03  -2.0350528    
         444  -4.5699663     -4.58834227E-03  -2.0372241    
         445  -4.5739603     -4.58290800E-03  -2.0393941    
         446  -4.5779486     -4.57749516E-03  -2.0415628    
         447  -4.5819306     -4.57210327E-03  -2.0437303    
         448  -4.5859065     -4.56673279E-03  -2.0458963    
         449  -4.5898767     -4.56138281E-03  -2.0480609    
         450  -4.5938401     -4.55605332E-03  -2.0502241    
         451  -4.5977979     -4.55074478E-03  -2.0523858    
         452  -4.6017499     -4.54545580E-03  -2.0545461    
         453  -4.6056952     -4.54018777E-03  -2.0567050    
         454  -4.6096349     -4.53493930E-03  -2.0588624    
         455  -4.6135678     -4.52971039E-03  -2.0610182    
         456  -4.6174951     -4.52450197E-03  -2.0631728    
         457  -4.6214161     -4.51931171E-03  -2.0653255    
         458  -4.6253309     -4.51414147E-03  -2.0674767    
         459  -4.6292400     -4.50899033E-03  -2.0696266    
         460  -4.6331425     -4.50385734E-03  -2.0717745    
         461  -4.6370387     -4.49874392E-03  -2.0739210    
         462  -4.6409292     -4.49364958E-03  -2.0760660    
         463  -4.6448131     -4.48857248E-03  -2.0782092    
         464  -4.6486907     -4.48351447E-03  -2.0803506    
         465  -4.6525626     -4.47847415E-03  -2.0824904    
         466  -4.6564279     -4.47345199E-03  -2.0846286    
         467  -4.6602874     -4.46844706E-03  -2.0867648    
         468  -4.6641402     -4.46346076E-03  -2.0888996    
         469  -4.6679869     -4.45849169E-03  -2.0910325    
         470  -4.6718273     -4.45353938E-03  -2.0931635    
         471  -4.6756616     -4.44860477E-03  -2.0952928    
         472  -4.6794896     -4.44368692E-03  -2.0974202    
         473  -4.6833115     -4.43878630E-03  -2.0995460    
         474  -4.6871271     -4.43390245E-03  -2.1016698    
         475  -4.6909366     -4.42903535E-03  -2.1037917    
         476  -4.6947393     -4.42418503E-03  -2.1059120    
         477  -4.6985359     -4.41935007E-03  -2.1080301    
         478  -4.7023263     -4.41453187E-03  -2.1101463    
         479  -4.7061105     -4.40972997E-03  -2.1122606    
         480  -4.7098885     -4.40494390E-03  -2.1143730    
         481  -4.7136598     -4.40017367E-03  -2.1164834    
         482  -4.7174249     -4.39541880E-03  -2.1185918    
         483  -4.7211838     -4.39068023E-03  -2.1206985    
         484  -4.7249365     -4.38595656E-03  -2.1228030    
         485  -4.7286825     -4.38124826E-03  -2.1249053    
         486  -4.7324224     -4.37655533E-03  -2.1270058    
         487  -4.7361560     -4.37187729E-03  -2.1291041    
         488  -4.7398829     -4.36721370E-03  -2.1312003    
         489  -4.7436037     -4.36256547E-03  -2.1332946    
         490  -4.7473183     -4.35793214E-03  -2.1353867    
         491  -4.7510266     -4.35331278E-03  -2.1374767    
         492  -4.7547283     -4.34870832E-03  -2.1395645    
         493  -4.7584238     -4.34411783E-03  -2.1416502    
         494  -4.7621126     -4.33954177E-03  -2.1437337    
         495  -4.7657952     -4.33498016E-03  -2.1458151    
         496  -4.7694716     -4.33043204E-03  -2.1478944    
         497  -4.7731414     -4.32589836E-03  -2.1499715    
         498  -4.7768049     -4.32137772E-03  -2.1520462    
         499  -4.7804618     -4.31687199E-03  -2.1541190    
         500  -4.7841125     -4.31237835E-03  -2.1561892    
         501  -4.7877569     -4.30789869E-03  -2.1582572    
         502  -4.7913947     -4.30343254E-03  -2.1603231    
         503  -4.7950263     -4.29897988E-03  -2.1623869    
         504  -4.7986512     -4.29453980E-03  -2.1644480    
         505  -4.8022699     -4.29011276E-03  -2.1665070    
         506  -4.8058820     -4.28569876E-03  -2.1685636    
         507  -4.8094878     -4.28129779E-03  -2.1706181    
         508  -4.8130870     -4.27690940E-03  -2.1726699    
         509  -4.8166800     -4.27253358E-03  -2.1747196    
         510  -4.8202667     -4.26817033E-03  -2.1767669    
         511  -4.8238463     -4.26381966E-03  -2.1788118    
         512  -4.8274202     -4.25948109E-03  -2.1808543