89.46 
88.77 
88.07 
87.37 
86.66 
85.96 
85.26 
84.56 
83.86 
83.16 
82.46 
81.75 
81.05 
80.35 
79.65 
78.95 
78.25 
77.54 
76.84 
76.14 
75.44 
74.74 
74.03 
73.33 
72.63 
71.93 
71.23 
70.53 
69.82 
69.12 
68.42 
67.72 
67.02 
66.32 
65.61 
64.91 
64.21 
63.51 
62.81 
62.11 
61.40 
60.70 
60.00 
59.30 
58.60 
57.89 
57.19 
56.49 
55.79 
55.09 
54.39 
53.68 
52.98 
52.28 
51.58 
50.88 
50.18 
49.47 
48.77 
48.07 
47.37 
46.67 
45.96 
45.26 
44.56 
43.86 
43.16 
42.46 
41.75 
41.05 
40.35 
39.65 
38.95 
38.25 
37.54 
36.84 
36.14 
35.44 
34.74 
34.04 
33.33 
32.63 
31.93 
31.23 
30.53 
29.82 
29.12 
28.42 
27.72 
27.02 
26.32 
25.61 
24.91 
24.21 
23.51 
22.81 
22.11 
21.40 
20.70 
20.00 
19.30 
18.60 
17.89 
17.19 
16.49 
15.79 
15.09 
14.39 
13.68 
12.98 
12.28 
11.58 
10.88 
10.18 
9.47 
8.77 
8.07 
7.37 
6.67 
5.96 
5.26 
4.56 
3.86 
3.16 
2.46 
1.75 
1.05 
0.35 
-0.35 
-1.05 
-1.75 
-2.46 
-3.16 
-3.86 
-4.56 
-5.26 
-5.96 
-6.67 
-7.37 
-8.07 
-8.77 
-9.47 
-10.18 
-10.88 
-11.58 
-12.28 
-12.98 
-13.68 
-14.39 
-15.09 
-15.79 
-16.49 
-17.19 
-17.89 
-18.60 
-19.30 
-20.00 
-20.70 
-21.40 
-22.11 
-22.81 
-23.51 
-24.21 
-24.91 
-25.61 
-26.32 
-27.02 
-27.72 
-28.42 
-29.12 
-29.82 
-30.53 
-31.23 
-31.93 
-32.63 
-33.33 
-34.04 
-34.74 
-35.44 
-36.14 
-36.84 
-37.54 
-38.25 
-38.95 
-39.65 
-40.35 
-41.05 
-41.75 
-42.46 
-43.16 
-43.86 
-44.56 
-45.26 
-45.96 
-46.67 
-47.37 
-48.07 
-48.77 
-49.47 
-50.18 
-50.88 
-51.58 
-52.28 
-52.98 
-53.68 
-54.39 
-55.09 
-55.79 
-56.49 
-57.19 
-57.89 
-58.60 
-59.30 
-60.00 
-60.70 
-61.40 
-62.11 
-62.81 
-63.51 
-64.21 
-64.91 
-65.61 
-66.32 
-67.02 
-67.72 
-68.42 
-69.12 
-69.82 
-70.53 
-71.23 
-71.93 
-72.63 
-73.33 
-74.03 
-74.74 
-75.44 
-76.14 
-76.84 
-77.54 
-78.25 
-78.95 
-79.65 
-80.35 
-81.05 
-81.75 
-82.46 
-83.16 
-83.86 
-84.56 
-85.26 
-85.96 
-86.66 
-87.37 
-88.07 
-88.77 
-89.46 
