0.12 
0.83 
1.53 
2.23 
2.94 
3.64 
4.34 
5.05 
5.75 
6.45 
7.16 
7.86 
8.56 
9.27 
9.97 
10.67 
11.38 
12.08 
12.78 
13.48 
14.19 
14.89 
15.59 
16.30 
17.00 
17.70 
18.41 
19.11 
19.81 
20.52 
21.22 
21.92 
22.62 
23.33 
24.03 
24.73 
25.44 
26.14 
26.84 
27.55 
28.25 
28.95 
29.66 
30.36 
31.06 
31.77 
32.47 
33.17 
33.88 
34.58 
35.28 
35.98 
36.69 
37.39 
38.09 
38.80 
39.50 
40.20 
40.91 
41.61 
42.31 
43.02 
43.72 
44.42 
45.12 
45.83 
46.53 
47.23 
47.94 
48.64 
49.34 
50.05 
50.75 
51.45 
52.16 
52.86 
53.56 
54.27 
54.97 
55.67 
56.38 
57.08 
57.78 
58.48 
59.19 
59.89 
60.59 
61.30 
62.00 
62.70 
63.41 
64.11 
64.81 
65.52 
66.22 
66.92 
67.62 
68.33 
69.03 
69.73 
70.44 
71.14 
71.84 
72.55 
73.25 
73.95 
74.66 
75.36 
76.06 
76.77 
77.47 
78.17 
78.88 
79.58 
80.28 
80.98 
81.69 
82.39 
83.09 
83.80 
84.50 
85.20 
85.91 
86.61 
87.31 
88.02 
88.72 
89.42 
90.12 
90.83 
91.53 
92.23 
92.94 
93.64 
94.34 
95.05 
95.75 
96.45 
97.16 
97.86 
98.56 
99.27 
99.97 
100.67 
101.38 
102.08 
102.78 
103.48 
104.19 
104.89 
105.59 
106.30 
107.00 
107.70 
108.41 
109.11 
109.81 
110.52 
111.22 
111.92 
112.62 
113.33 
114.03 
114.73 
115.44 
116.14 
116.84 
117.55 
118.25 
118.95 
119.66 
120.36 
121.06 
121.77 
122.47 
123.17 
123.88 
124.58 
125.28 
125.98 
126.69 
127.39 
128.09 
128.80 
129.50 
130.20 
130.91 
131.61 
132.31 
133.02 
133.72 
134.42 
135.12 
135.83 
136.53 
137.23 
137.94 
138.64 
139.34 
140.05 
140.75 
141.45 
142.16 
142.86 
143.56 
144.27 
144.97 
145.67 
146.38 
147.08 
147.78 
148.48 
149.19 
149.89 
150.59 
151.30 
152.00 
152.70 
153.41 
154.11 
154.81 
155.52 
156.22 
156.92 
157.62 
158.33 
159.03 
159.73 
160.44 
161.14 
161.84 
162.55 
163.25 
163.95 
164.66 
165.36 
166.06 
166.77 
167.47 
168.17 
168.88 
169.58 
170.28 
170.98 
171.69 
172.39 
173.09 
173.80 
174.50 
175.20 
175.91 
176.61 
177.31 
178.02 
178.72 
179.42 
180.12 
180.83 
181.53 
182.23 
182.94 
183.64 
184.34 
185.05 
185.75 
186.45 
187.16 
187.86 
188.56 
189.27 
189.97 
190.67 
191.38 
192.08 
192.78 
193.48 
194.19 
194.89 
195.59 
196.30 
197.00 
197.70 
198.41 
199.11 
199.81 
200.52 
201.22 
201.92 
202.62 
203.33 
204.03 
204.73 
205.44 
206.14 
206.84 
207.55 
208.25 
208.95 
209.66 
210.36 
211.06 
211.77 
212.47 
213.17 
213.88 
214.58 
215.28 
215.98 
216.69 
217.39 
218.09 
218.80 
219.50 
220.20 
220.91 
221.61 
222.31 
223.02 
223.72 
224.42 
225.12 
225.83 
226.53 
227.23 
227.94 
228.64 
229.34 
230.05 
230.75 
231.45 
232.16 
232.86 
233.56 
234.27 
234.97 
235.67 
236.38 
237.08 
237.78 
238.48 
239.19 
239.89 
240.59 
241.30 
242.00 
242.70 
243.41 
244.11 
244.81 
245.52 
246.22 
246.92 
247.62 
248.33 
249.03 
249.73 
250.44 
251.14 
251.84 
252.55 
253.25 
253.95 
254.66 
255.36 
256.06 
256.77 
257.47 
258.17 
258.88 
259.58 
260.28 
260.98 
261.69 
262.39 
263.09 
263.80 
264.50 
265.20 
265.91 
266.61 
267.31 
268.02 
268.72 
269.42 
270.12 
270.83 
271.53 
272.23 
272.94 
273.64 
274.34 
275.05 
275.75 
276.45 
277.16 
277.86 
278.56 
279.27 
279.97 
280.67 
281.38 
282.08 
282.78 
283.48 
284.19 
284.89 
285.59 
286.30 
287.00 
287.70 
288.41 
289.11 
289.81 
290.52 
291.22 
291.92 
292.62 
293.33 
294.03 
294.73 
295.44 
296.14 
296.84 
297.55 
298.25 
298.95 
299.66 
300.36 
301.06 
301.77 
302.47 
303.17 
303.88 
304.58 
305.28 
305.98 
306.69 
307.39 
308.09 
308.80 
309.50 
310.20 
310.91 
311.61 
312.31 
313.02 
313.72 
314.42 
315.12 
315.83 
316.53 
317.23 
317.94 
318.64 
319.34 
320.05 
320.75 
321.45 
322.16 
322.86 
323.56 
324.27 
324.97 
325.67 
326.38 
327.08 
327.78 
328.48 
329.19 
329.89 
330.59 
331.30 
332.00 
332.70 
333.41 
334.11 
334.81 
335.52 
336.22 
336.92 
337.62 
338.33 
339.03 
339.73 
340.44 
341.14 
341.84 
342.55 
343.25 
343.95 
344.66 
345.36 
346.06 
346.77 
347.47 
348.17 
348.88 
349.58 
350.28 
350.98 
351.69 
352.39 
353.09 
353.80 
354.50 
355.20 
355.91 
356.61 
357.31 
358.02 
358.72 
359.42 
